# Matter power spectrum P(k) at redshift z=0
# for k=1.86049e-05 to 1.34094 h/Mpc,
# number of wavenumbers equal to 556
#    1:k (h/Mpc)              2:P (Mpc/h)^3        
       1.860491322277e-05       9.487173915809e+00 
       4.435242834227e-05       2.195901441765e+01 
       7.043595846252e-05       3.432901838670e+01 
       9.713752349638e-05       4.682759762980e+01 
       1.247565322965e-04       5.963083131492e+01 
       1.536203003834e-04       7.290618510095e+01 
       1.840957073109e-04       8.682834416608e+01 
       2.166024588391e-04       1.015888820274e+02 
       2.516283433792e-04       1.174046506952e+02 
       2.897466899352e-04       1.345257721424e+02 
       3.316358423802e-04       1.532439911799e+02 
       3.780997016514e-04       1.739008389410e+02 
       4.300870329962e-04       1.968947054309e+02 
       4.887050579846e-04       2.226847499818e+02 
       5.552197821296e-04       2.517883490023e+02 
       6.310320498101e-04       2.847674186616e+02 
       7.176161983228e-04       3.221981780370e+02 
       8.164108725389e-04       3.646206425116e+02 
       9.286633728305e-04       4.124697800489e+02 
       1.055250992023e-03       4.660000049958e+02 
       1.196526971873e-03       5.252241200274e+02 
       1.352246688351e-03       5.898912324176e+02 
       1.521606614933e-03       6.595143428968e+02 
       1.703382818489e-03       7.334388330556e+02 
       1.896117557494e-03       8.109288061001e+02 
       2.098296011384e-03       8.912439964427e+02 
       2.308476507965e-03       9.736950700954e+02 
       2.525365580206e-03       1.057673662527e+03 
       2.747847576478e-03       1.142657478837e+03 
       2.974984506180e-03       1.228213133745e+03 
       3.206000034093e-03       1.313996035397e+03 
       3.440257198130e-03       1.399721493432e+03 
       3.677235388498e-03       1.485159719437e+03 
       3.916509293492e-03       1.570126229894e+03 
       4.157730825750e-03       1.654473324691e+03 
       4.400614154134e-03       1.738082994574e+03 
       4.644923562497e-03       1.820860482473e+03 
       4.890463715740e-03       1.902730544354e+03 
       5.137071901757e-03       1.983633463005e+03 
       5.384611861286e-03       2.063521939442e+03 
       5.632968878778e-03       2.142359228893e+03 
       5.882045868464e-03       2.220116554358e+03 
       6.131760243938e-03       2.296771931396e+03 
       6.382041404564e-03       2.372309596125e+03 
       6.632828708313e-03       2.446717741541e+03 
       6.884069829257e-03       2.519988752539e+03 
       7.135719420322e-03       2.592118004232e+03 
       7.387738019279e-03       2.663103930267e+03 
       7.640091149382e-03       2.732946688735e+03 
       7.892748576495e-03       2.801649071132e+03 
       8.145683692591e-03       2.869214139794e+03 
       8.398873001794e-03       2.935649985811e+03 
       8.652295690003e-03       3.001004298867e+03 
       8.905933262956e-03       3.065202673031e+03 
       9.159769240584e-03       3.128292099418e+03 
       9.413788897866e-03       3.190274811210e+03 
       9.667979044265e-03       3.251169602506e+03 
       9.922327835291e-03       3.310984190525e+03 
       1.017682461094e-02       3.369741611703e+03 
       1.043145975673e-02       3.427410929098e+03 
       1.068622458367e-02       3.484034923615e+03 
       1.094111122442e-02       3.539627674843e+03 
       1.119611254306e-02       3.594195136956e+03 
       1.145122205642e-02       3.647742581496e+03 
       1.170643386546e-02       3.700292445017e+03 
       1.196174259507e-02       3.751826135148e+03 
       1.221714334128e-02       3.802419681336e+03 
       1.247263162467e-02       3.852022638149e+03 
       1.272820334935e-02       3.900658128360e+03 
       1.298385476661e-02       3.948338941336e+03 
       1.323958244270e-02       3.995047583118e+03 
       1.349538323022e-02       4.040875512406e+03 
       1.375125424260e-02       4.085807721466e+03 
       1.400719283138e-02       4.129802501619e+03 
       1.426319656587e-02       4.172941556625e+03 
       1.451926321494e-02       4.215177635043e+03 
       1.477539073066e-02       4.256507026931e+03 
       1.503157723367e-02       4.296982774984e+03 
       1.528782099992e-02       4.336616149107e+03 
       1.554412044878e-02       4.375394289223e+03 
       1.580047413224e-02       4.413363155578e+03 
       1.605688072526e-02       4.450511364834e+03 
       1.631333901690e-02       4.486850399384e+03 
       1.656984790234e-02       4.522388787701e+03 
       1.682640637568e-02       4.557177540947e+03 
       1.708301352332e-02       4.591159164465e+03 
       1.733966851796e-02       4.624349312508e+03 
       1.759637061318e-02       4.656718878288e+03 
       1.785311913846e-02       4.688399904641e+03 
       1.810991349464e-02       4.719332766232e+03 
       1.836675314976e-02       4.749530044053e+03 
       1.862363763531e-02       4.779001912980e+03 
       1.888056654278e-02       4.807753373273e+03 
       1.913753952046e-02       4.835796924903e+03 
       1.939455627057e-02       4.863143628331e+03 
       1.965161654662e-02       4.889822465345e+03 
       1.990872015096e-02       4.915761920791e+03 
       2.016586693257e-02       4.941055450808e+03 
       2.042305678505e-02       4.965678388132e+03 
       2.068028964471e-02       4.989647042768e+03 
       2.093756548892e-02       5.012961597852e+03 
       2.119488433448e-02       5.035634739328e+03 
       2.145224623628e-02       5.057670178696e+03 
       2.170965128592e-02       5.079081008763e+03 
       2.196709961055e-02       5.099866869086e+03 
       2.222459137180e-02       5.120044250438e+03 
       2.248212676475e-02       5.139614569413e+03 
       2.273970601708e-02       5.158590681181e+03 
       2.299732938822e-02       5.176968717054e+03 
       2.325499716862e-02       5.194792878039e+03 
       2.351270967910e-02       5.211987428215e+03 
       2.377046727023e-02       5.228668825104e+03 
       2.402827032182e-02       5.244758990025e+03 
       2.428611924243e-02       5.260279132451e+03 
       2.454401446895e-02       5.275261654177e+03 
       2.480195646627e-02       5.289707902927e+03 
       2.505994572690e-02       5.303587885482e+03 
       2.531798277076e-02       5.317017412997e+03 
       2.557606814489e-02       5.329819612811e+03 
       2.583420242335e-02       5.342217412337e+03 
       2.609238620700e-02       5.353986459016e+03 
       2.635062012340e-02       5.365306978777e+03 
       2.660890482680e-02       5.376142422114e+03 
       2.686724099802e-02       5.386481983485e+03 
       2.712562934448e-02       5.396330837829e+03 
       2.738407060026e-02       5.405729144013e+03 
       2.764256552608e-02       5.414602320291e+03 
       2.790111490946e-02       5.423060842982e+03 
       2.815971956476e-02       5.430998312997e+03 
       2.841838033338e-02       5.438558221482e+03 
       2.867709808390e-02       5.445617873804e+03 
       2.893587371227e-02       5.452202352089e+03 
       2.919470814201e-02       5.458395984770e+03 
       2.945360232448e-02       5.464176329693e+03 
       2.971255723913e-02       5.469514934236e+03 
       2.997157389377e-02       5.474406482083e+03 
       3.023065332489e-02       5.478854542728e+03 
       3.048979659802e-02       5.482985264486e+03 
       3.074900480804e-02       5.486602438607e+03 
       3.100827907955e-02       5.489906885786e+03 
       3.126762056733e-02       5.492779453292e+03 
       3.152703045669e-02       5.495270187886e+03 
       3.178650996393e-02       5.497337076111e+03 
       3.204606033682e-02       5.499068103551e+03 
       3.230568285508e-02       5.500421287218e+03 
       3.256537883084e-02       5.501435937292e+03 
       3.282514960923e-02       5.502014877191e+03 
       3.308499656888e-02       5.502277193389e+03 
       3.334492112248e-02       5.502228777796e+03 
       3.360492471743e-02       5.501740912394e+03 
       3.386500883639e-02       5.500949891340e+03 
       3.412517499793e-02       5.499830674439e+03 
       3.438542475720e-02       5.498370192754e+03 
       3.464575970660e-02       5.496617558883e+03 
       3.490618147648e-02       5.494467261977e+03 
       3.516669173585e-02       5.492034537449e+03 
       3.542729219315e-02       5.489324921409e+03 
       3.568798459703e-02       5.486252028118e+03 
       3.594877073709e-02       5.482858159786e+03 
       3.620965244477e-02       5.479181937300e+03 
       3.647063159416e-02       5.475251360735e+03 
       3.673171010287e-02       5.471000982861e+03 
       3.699288993293e-02       5.466419973978e+03 
       3.725417309172e-02       5.461588519889e+03 
       3.751556163294e-02       5.456482853392e+03 
       3.777705765754e-02       5.451137110375e+03 
       3.803866331477e-02       5.445471841329e+03 
       3.830038080322e-02       5.439513426266e+03 
       3.856221237185e-02       5.433372094639e+03 
       3.882416032113e-02       5.426883316999e+03 
       3.908622700414e-02       5.420191260730e+03 
       3.934841482776e-02       5.413242511401e+03 
       3.961072625384e-02       5.406088028958e+03 
       3.987316380044e-02       5.398643453003e+03 
       4.013573004310e-02       5.390973246985e+03 
       4.039842761615e-02       5.383059643435e+03 
       4.066125921401e-02       5.374896359613e+03 
       4.092422759261e-02       5.366536035260e+03 
       4.118733557079e-02       5.357952495054e+03 
       4.145058603174e-02       5.349182062798e+03 
       4.171398192452e-02       5.340145655115e+03 
       4.197752626558e-02       5.330942632073e+03 
       4.224122214037e-02       5.321496282213e+03 
       4.250507270495e-02       5.311874757593e+03 
       4.276908118767e-02       5.302010809062e+03 
       4.303325089090e-02       5.292003506716e+03 
       4.329758519279e-02       5.281784215181e+03 
       4.356208754912e-02       5.271373403026e+03 
       4.382676149516e-02       5.260779253967e+03 
       4.409161064763e-02       5.249996118408e+03 
       4.435663870664e-02       5.239035022209e+03 
       4.462184945779e-02       5.227918758076e+03 
       4.488724677426e-02       5.216623111077e+03 
       4.515283461898e-02       5.205134982170e+03 
       4.541861704687e-02       5.193524034522e+03 
       4.568459820713e-02       5.181717386295e+03 
       4.595078234563e-02       5.169795164012e+03 
       4.621717380736e-02       5.157668767735e+03 
       4.648377703892e-02       5.145429360752e+03 
       4.675059659111e-02       5.133017374223e+03 
       4.701763712166e-02       5.120494284509e+03 
       4.728490339792e-02       5.107809730188e+03 
       4.755240029972e-02       5.094971070738e+03 
       4.782013282232e-02       5.082023983536e+03 
       4.808810607939e-02       5.068944220157e+03 
       4.835632530616e-02       5.055722073047e+03 
       4.862479586262e-02       5.042367928338e+03 
       4.889352323680e-02       5.028912406383e+03 
       4.916251304825e-02       5.015319618402e+03 
       4.943177105151e-02       5.001619063006e+03 
       4.970130313979e-02       4.987786492650e+03 
       4.997111534871e-02       4.973878491610e+03 
       5.024121386020e-02       4.959837888876e+03 
       5.051160500646e-02       4.945713810363e+03 
       5.078229527419e-02       4.931458667543e+03 
       5.105329130878e-02       4.917108701008e+03 
       5.132459991879e-02       4.902681421923e+03 
       5.159622808048e-02       4.888150429215e+03 
       5.186818294257e-02       4.873508992884e+03 
       5.214047183112e-02       4.858794252259e+03 
       5.241310225456e-02       4.843982884953e+03 
       5.268608190893e-02       4.829098256935e+03 
       5.295941868333e-02       4.814130315812e+03 
       5.323312066545e-02       4.799093331681e+03 
       5.350719614740e-02       4.783946791540e+03 
       5.378165363175e-02       4.768754376741e+03 
       5.405650183766e-02       4.753482834559e+03 
       5.433174970742e-02       4.738129072744e+03 
       5.460740641305e-02       4.722719537067e+03 
       5.488348136324e-02       4.707251192701e+03 
       5.515998421055e-02       4.691706160647e+03 
       5.543692485879e-02       4.676105795400e+03 
       5.571431347080e-02       4.660432630725e+03 
       5.599216047642e-02       4.644724013622e+03 
       5.627047658078e-02       4.628949362906e+03 
       5.654927277300e-02       4.613124664994e+03 
       5.682856033505e-02       4.597245442257e+03 
       5.710835085114e-02       4.581314670394e+03 
       5.738865621735e-02       4.565348102510e+03 
       5.766948865168e-02       4.549340473865e+03 
       5.795086070451e-02       4.533274467582e+03 
       5.823278526947e-02       4.517165095585e+03 
       5.851527559475e-02       4.501041484844e+03 
       5.879834529484e-02       4.484850303159e+03 
       5.908200836282e-02       4.468648489908e+03 
       5.936627918309e-02       4.452398611952e+03 
       5.965117254466e-02       4.436127708866e+03 
       5.993670365503e-02       4.419818715130e+03 
       6.022288815457e-02       4.403484171019e+03 
       6.050974213163e-02       4.387116430858e+03 
       6.079728213820e-02       4.370728528462e+03 
       6.108552520634e-02       4.354314577681e+03 
       6.137448886524e-02       4.337871173452e+03 
       6.166419115914e-02       4.321415934471e+03 
       6.195465066595e-02       4.304945502678e+03 
       6.224588651677e-02       4.288444859872e+03 
       6.253791841632e-02       4.271922638589e+03 
       6.283076666424e-02       4.255395659525e+03 
       6.312445217741e-02       4.238854051553e+03 
       6.341899651334e-02       4.222297580601e+03 
       6.371442189466e-02       4.205743910681e+03 
       6.401075123472e-02       4.189157095689e+03 
       6.430800816451e-02       4.172559297122e+03 
       6.460621706082e-02       4.155962747281e+03 
       6.490540307584e-02       4.139361491388e+03 
       6.520559216817e-02       4.122747750084e+03 
       6.550681113543e-02       4.106140593054e+03 
       6.580908764853e-02       4.089526434979e+03 
       6.611245028763e-02       4.072892752253e+03 
       6.641692858001e-02       4.056274117838e+03 
       6.672255303992e-02       4.039631312123e+03 
       6.702935521048e-02       4.023014958860e+03 
       6.733736770791e-02       4.006383048434e+03 
       6.764662426800e-02       3.989757165456e+03 
       6.795715979527e-02       3.973128596209e+03 
       6.826901041469e-02       3.956507110851e+03 
       6.858221352640e-02       3.939892241195e+03 
       6.889680786343e-02       3.923275332468e+03 
       6.921283355271e-02       3.906663570887e+03 
       6.953033217965e-02       3.890047769995e+03 
       6.984934685639e-02       3.873456109596e+03 
       7.016992229414e-02       3.856851386505e+03 
       7.049210487979e-02       3.840256404785e+03 
       7.081594275714e-02       3.823685753138e+03 
       7.114148591310e-02       3.807115198952e+03 
       7.146878626918e-02       3.790541609291e+03 
       7.179789777873e-02       3.773977154064e+03 
       7.212887653025e-02       3.757431003087e+03 
       7.246178085746e-02       3.740880432837e+03 
       7.279667145629e-02       3.724337975291e+03 
       7.313361150977e-02       3.707811274915e+03 
       7.347266682108e-02       3.691288811037e+03 
       7.381390595556e-02       3.674764707127e+03 
       7.415740039251e-02       3.658286252952e+03 
       7.450322468739e-02       3.641777791771e+03 
       7.485145664541e-02       3.625283537240e+03 
       7.520217750746e-02       3.608799546454e+03 
       7.555547214945e-02       3.592341169389e+03 
       7.591142929613e-02       3.575867182094e+03 
       7.627014175084e-02       3.559406461361e+03 
       7.663170664247e-02       3.542940812709e+03 
       7.699622569120e-02       3.526507926048e+03 
       7.736380549492e-02       3.510064883302e+03 
       7.773455783796e-02       3.493630519628e+03 
       7.810860002462e-02       3.477196869584e+03 
       7.848605523949e-02       3.460763494721e+03 
       7.886705293756e-02       3.444340443047e+03 
       7.925172926675e-02       3.427922714105e+03 
       7.964022752642e-02       3.411504610877e+03 
       8.003269866528e-02       3.395072120788e+03 
       8.042930182302e-02       3.378640533733e+03 
       8.083020492019e-02       3.362219362800e+03 
       8.123558530151e-02       3.345783210782e+03 
       8.164563043851e-02       3.329364647007e+03 
       8.206053869811e-02       3.312919770520e+03 
       8.248052018460e-02       3.296461912918e+03 
       8.290579766345e-02       3.280008184395e+03 
       8.333660757664e-02       3.263533297069e+03 
       8.377320116043e-02       3.247050615611e+03 
       8.421584567804e-02       3.230543420899e+03 
       8.466482578153e-02       3.214033121803e+03 
       8.512044501928e-02       3.197486887801e+03 
       8.558302750776e-02       3.180933240242e+03 
       8.605291978939e-02       3.164335981946e+03 
       8.653049290131e-02       3.147711757936e+03 
       8.701614468419e-02       3.131069483427e+03 
       8.751030236452e-02       3.114396750611e+03 
       8.801342544967e-02       3.097678798376e+03 
       8.852600898121e-02       3.080918580645e+03 
       8.904858720036e-02       3.064115224858e+03 
       8.958173768812e-02       3.047228381195e+03 
       9.012608605465e-02       3.030327420487e+03 
       9.068231126544e-02       3.013361358049e+03 
       9.125115170871e-02       2.996310160977e+03 
       9.183341212820e-02       2.979185330847e+03 
       9.242997156994e-02       2.961982020631e+03 
       9.304179252161e-02       2.944699926788e+03 
       9.366993145951e-02       2.927324013350e+03 
       9.431555106358e-02       2.909869674466e+03 
       9.497993441718e-02       2.892275235548e+03 
       9.566450157785e-02       2.874548609443e+03 
       9.637082899306e-02       2.856710976711e+03 
       9.710067234414e-02       2.838720823657e+03 
       9.785599353996e-02       2.820545341088e+03 
       9.863899275632e-02       2.802240954167e+03 
       9.945214663882e-02       2.783684187074e+03 
       1.002982540683e-01       2.764950345808e+03 
       1.011804912475e-01       2.745982011210e+03 
       1.021024783250e-01       2.726749163829e+03 
       1.030683603554e-01       2.707206040342e+03 
       1.040829061324e-01       2.687332574792e+03 
       1.051516293617e-01       2.667084730109e+03 
       1.062809377835e-01       2.646417814487e+03 
       1.074783172346e-01       2.625292175304e+03 
       1.087525592082e-01       2.603520583569e+03 
       1.101140420726e-01       2.581140949115e+03 
       1.115750773473e-01       2.558003828499e+03 
       1.131503323876e-01       2.533938289541e+03 
       1.148573375939e-01       2.508776548226e+03 
       1.167170760747e-01       2.482246329285e+03 
       1.187546294881e-01       2.454048905912e+03 
       1.209998032697e-01       2.423727991070e+03 
       1.234875585001e-01       2.390698366241e+03 
       1.262579134356e-01       2.354225048143e+03 
       1.293547377020e-01       2.313273046937e+03 
       1.328226121410e-01       2.266497992336e+03 
       1.367009189404e-01       2.212458692055e+03 
       1.410150799511e-01       2.149487687907e+03 
       1.457668579793e-01       2.076285562506e+03 
       1.509282029813e-01       1.992355401310e+03 
       1.564435040298e-01       1.898538502511e+03 
       1.622408623304e-01       1.797102737107e+03 
       1.682469316796e-01       1.691634974839e+03 
       1.743982840155e-01       1.586250524510e+03 
       1.806462056188e-01       1.485036898704e+03 
       1.869562632448e-01       1.391234107505e+03 
       1.933054412798e-01       1.307347561672e+03 
       1.996789062992e-01       1.234658937793e+03 
       2.060673171524e-01       1.173398690967e+03 
       2.124648758746e-01       1.122945642823e+03 
       2.188680157118e-01       1.081989470067e+03 
       2.252745544357e-01       1.048711833218e+03 
       2.316831613089e-01       1.021020624260e+03 
       2.380930264327e-01       9.967564843757e+02 
       2.445036574512e-01       9.738234452195e+02 
       2.509147552240e-01       9.504685157860e+02 
       2.573261380383e-01       9.252885433601e+02 
       2.637376955004e-01       8.975173468891e+02 
       2.701493605161e-01       8.668651669984e+02 
       2.765610922754e-01       8.335889821605e+02 
       2.829728659245e-01       7.983790521489e+02 
       2.893846662972e-01       7.622211888433e+02 
       2.957964841116e-01       7.261820725228e+02 
       3.022083136617e-01       6.913736422250e+02 
       3.086201514164e-01       6.587280832092e+02 
       3.150319951697e-01       6.289844282654e+02 
       3.214438435242e-01       6.025891244405e+02 
       3.278556955772e-01       5.797095622296e+02 
       3.342675507304e-01       5.602525142298e+02 
       3.406794085739e-01       5.439093332038e+02 
       3.470912688151e-01       5.301841839675e+02 
       3.535031312360e-01       5.184649756811e+02 
       3.599149956667e-01       5.080942081065e+02 
       3.663268619686e-01       4.984751376694e+02 
       3.727387300250e-01       4.890331263639e+02 
       3.791505997343e-01       4.791729776872e+02 
       3.855624710061e-01       4.685450347127e+02 
       3.919743437588e-01       4.569469143601e+02 
       3.983862179176e-01       4.443644415026e+02 
       4.047980934136e-01       4.309477909119e+02 
       4.112099701828e-01       4.169762112748e+02 
       4.176218481654e-01       4.027864200897e+02 
       4.240337273057e-01       3.887355133132e+02 
       4.304456075514e-01       3.751530322928e+02 
       4.368574888531e-01       3.623040749226e+02 
       4.432693711648e-01       3.503958818370e+02 
       4.496812544429e-01       3.395554062334e+02 
       4.560931386462e-01       3.298314512144e+02 
       4.625050237361e-01       3.212181724149e+02 
       4.689169096758e-01       3.136172974020e+02 
       4.753287964308e-01       3.068994360728e+02 
       4.817406839684e-01       3.008770742694e+02 
       4.881525722573e-01       2.953332631366e+02 
       4.945644612683e-01       2.900593528095e+02 
       5.009763509734e-01       2.848646880752e+02 
       5.073882413462e-01       2.795920966263e+02 
       5.138001323615e-01       2.741332932821e+02 
       5.202120239954e-01       2.684369549548e+02 
       5.266239162251e-01       2.624903224905e+02 
       5.330358090291e-01       2.563177132698e+02 
       5.394477023867e-01       2.499830143646e+02 
       5.458595962784e-01       2.435711980794e+02 
       5.522714906853e-01       2.371931268017e+02 
       5.586833855897e-01       2.309521953566e+02 
       5.650952809745e-01       2.249535560458e+02 
       5.715071768235e-01       2.192782260385e+02 
       5.779190731212e-01       2.139808334809e+02 
       5.843309698526e-01       2.090811900911e+02 
       5.907428670036e-01       2.045791332983e+02 
       5.971547645606e-01       2.004370575199e+02 
       6.035666625106e-01       1.966104954223e+02 
       6.099785608411e-01       1.930431034973e+02 
       6.163904595402e-01       1.896735116290e+02 
       6.228023585965e-01       1.864401172055e+02 
       6.292142579989e-01       1.832844825023e+02 
       6.356261577370e-01       1.801530367200e+02 
       6.420380578007e-01       1.770039612210e+02 
       6.484499581802e-01       1.738120242179e+02 
       6.548618588662e-01       1.705641227694e+02 
       6.612737598497e-01       1.672688722037e+02 
       6.676856611222e-01       1.639458555151e+02 
       6.740975626754e-01       1.606228302814e+02 
       6.805094645012e-01       1.573313088864e+02 
       6.869213665921e-01       1.540999879714e+02 
       6.933332689406e-01       1.509564313597e+02 
       6.997451715396e-01       1.479235519499e+02 
       7.061570743822e-01       1.450193503559e+02 
       7.125689774619e-01       1.422551166001e+02 
       7.189808807723e-01       1.396360886393e+02 
       7.253927843073e-01       1.371593112675e+02 
       7.318046880608e-01       1.348135985438e+02 
       7.382165920273e-01       1.325805882657e+02 
       7.446284962011e-01       1.304385048670e+02 
       7.510404005769e-01       1.283646603219e+02 
       7.574523051497e-01       1.263382580840e+02 
       7.638642099143e-01       1.243441100897e+02 
       7.702761148660e-01       1.223696841202e+02 
       7.766880200002e-01       1.204088843610e+02 
       7.830999253123e-01       1.184562813676e+02 
       7.895118307979e-01       1.165107269962e+02 
       7.959237364530e-01       1.145744157383e+02 
       8.023356422733e-01       1.126505964071e+02 
       8.087475482550e-01       1.107469978049e+02 
       8.151594543942e-01       1.088737764539e+02 
       8.215713606873e-01       1.070390638658e+02 
       8.279832671306e-01       1.052522792768e+02 
       8.343951737206e-01       1.035181556177e+02 
       8.408070804541e-01       1.018396437602e+02 
       8.472189873276e-01       1.002165851619e+02 
       8.536308943381e-01       9.864785774226e+01 
       8.600428014825e-01       9.713106026170e+01 
       8.664547087578e-01       9.566334938827e+01 
       8.728666161611e-01       9.424162783461e+01 
       8.792785236895e-01       9.286161854165e+01 
       8.856904313405e-01       9.151692186670e+01 
       8.921023391112e-01       9.020235541723e+01 
       8.985142469992e-01       8.891098405458e+01 
       9.049261550019e-01       8.763834797025e+01 
       9.113380631169e-01       8.638026077584e+01 
       9.177499713419e-01       8.513612238151e+01 
       9.241618796745e-01       8.390588377697e+01 
       9.305737881125e-01       8.269054575434e+01 
       9.369856966538e-01       8.149129271961e+01 
       9.433976052962e-01       8.030931346047e+01 
       9.498095140376e-01       7.914555019604e+01 
       9.562214228762e-01       7.800240441124e+01 
       9.626333318099e-01       7.688167122218e+01 
       9.690452408368e-01       7.578641867324e+01 
       9.754571499551e-01       7.471805932085e+01 
       9.818690591630e-01       7.367850343952e+01 
       9.882809684587e-01       7.266705924909e+01 
       9.946928778406e-01       7.168211177512e+01 
       1.001104787307e+00       7.072179243023e+01 
       1.007516696856e+00       6.978280630104e+01 
       1.013928606487e+00       6.886339788719e+01 
       1.020340516197e+00       6.796205132470e+01 
       1.026752425985e+00       6.707713798461e+01 
       1.033164335851e+00       6.620737171007e+01 
       1.039576245791e+00       6.535131712182e+01 
       1.045988155806e+00       6.450760350393e+01 
       1.052400065893e+00       6.367457274488e+01 
       1.058811976052e+00       6.285248797486e+01 
       1.065223886280e+00       6.204147549898e+01 
       1.071635796578e+00       6.124186275561e+01 
       1.078047706942e+00       6.045542879411e+01 
       1.084459617373e+00       5.968329422708e+01 
       1.090871527870e+00       5.892541881660e+01 
       1.097283438430e+00       5.818206055625e+01 
       1.103695349053e+00       5.745266863238e+01 
       1.110107259738e+00       5.673688999685e+01 
       1.116519170484e+00       5.603462276364e+01 
       1.122931081289e+00       5.534635098729e+01 
       1.129342992153e+00       5.467158642744e+01 
       1.135754903074e+00       5.401029817576e+01 
       1.142166814053e+00       5.336172911948e+01 
       1.148578725087e+00       5.272482278581e+01 
       1.154990636175e+00       5.209847908654e+01 
       1.161402547318e+00       5.148189863679e+01 
       1.167814458514e+00       5.087463205137e+01 
       1.174226369761e+00       5.027665673022e+01 
       1.180638281061e+00       4.968793114482e+01 
       1.187050192410e+00       4.910843823520e+01 
       1.193462103809e+00       4.853784666398e+01 
       1.199874015257e+00       4.797571570973e+01 
       1.206285926753e+00       4.742150168344e+01 
       1.212697838297e+00       4.687518842011e+01 
       1.219109749886e+00       4.633694016582e+01 
       1.225521661522e+00       4.580716469490e+01 
       1.231933573203e+00       4.528628650062e+01 
       1.238345484928e+00       4.477445052875e+01 
       1.244757396697e+00       4.427154067479e+01 
       1.251169308509e+00       4.377719098815e+01 
       1.257581220363e+00       4.329067873319e+01 
       1.263993132259e+00       4.281184002505e+01 
       1.270405044196e+00       4.234040573913e+01 
       1.276816956173e+00       4.187657629038e+01 
       1.283228868191e+00       4.142029554768e+01 
       1.289640780247e+00       4.097142910487e+01 
       1.296052692343e+00       4.052961606511e+01 
       1.302464604476e+00       4.009427226049e+01 
       1.308876516647e+00       3.966497372962e+01 
       1.315288428855e+00       3.924143008618e+01 
       1.321700341099e+00       3.882364301621e+01 
       1.328112253379e+00       3.841177113055e+01 
       1.334524165695e+00       3.800605428959e+01 
       1.340936078046e+00       3.760647306925e+01 
