# Matter power spectrum P(k) at redshift z=0
# for k=7.54956e-06 to 1.10558 h/Mpc,
# number of wavenumbers equal to 642
#    1:k (h/Mpc)              2:P (Mpc/h)^3        
       7.549556747094e-06       1.186738104441e+02 
       1.611205481648e-05       2.468326317749e+02 
       2.468859348984e-05       3.727754177075e+02 
       3.328935715086e-05       4.975509875640e+02 
       4.192460782924e-05       6.217064850739e+02 
       5.060472571747e-05       7.456142343183e+02 
       5.934025029205e-05       8.695650330435e+02 
       6.814192229096e-05       9.938060355231e+02 
       7.702072680120e-05       1.118558877706e+03 
       8.598793771229e-05       1.244030029398e+03 
       9.505516379492e-05       1.370416926395e+03 
       1.042343966669e-04       1.497912208870e+03 
       1.135380609117e-04       1.626706612427e+03 
       1.229790666160e-04       1.756991231606e+03 
       1.325708645953e-04       1.888959324897e+03 
       1.423275045728e-04       2.022807784109e+03 
       1.522636965728e-04       2.158738502531e+03 
       1.623948757813e-04       2.296959545906e+03 
       1.727372711088e-04       2.437686309528e+03 
       1.833079776676e-04       2.581142597779e+03 
       1.941250333424e-04       2.727561691054e+03 
       2.052074995827e-04       2.877187374667e+03 
       2.165755464849e-04       3.030275005317e+03 
       2.282505421423e-04       3.187092517149e+03 
       2.402551461352e-04       3.347921518785e+03 
       2.526134068867e-04       3.513058272854e+03 
       2.653508624345e-04       3.682814742491e+03 
       2.784946439420e-04       3.857519637647e+03 
       2.920735809987e-04       4.037519275433e+03 
       3.061183074225e-04       4.223178670734e+03 
       3.206613658716e-04       4.414882099420e+03 
       3.357373090968e-04       4.613034083085e+03 
       3.513827951005e-04       4.818059730356e+03 
       3.676366728270e-04       5.030405202831e+03 
       3.845400542781e-04       5.250537753417e+03 
       4.021363681491e-04       5.478945448497e+03 
       4.204713892242e-04       5.716136642838e+03 
       4.395932368878e-04       5.962638607688e+03 
       4.595523352579e-04       6.218996132387e+03 
       4.804013266805e-04       6.485768690250e+03 
       5.021949297505e-04       6.763527657950e+03 
       5.249897327459e-04       7.052851979269e+03 
       5.488439135224e-04       7.354323118373e+03 
       5.738168776756e-04       7.668519145053e+03 
       5.999688082866e-04       7.996007121297e+03 
       6.273601229882e-04       8.337335129512e+03 
       6.560508375159e-04       8.693022720862e+03 
       6.860998393899e-04       9.063550546379e+03 
       7.175640808276e-04       9.449349302557e+03 
       7.504977061998e-04       9.850788066009e+03 
       7.849511359356e-04       1.026816311800e+04 
       8.209701351926e-04       1.070168555016e+04 
       8.585949011640e-04       1.115147206593e+04 
       8.978592068273e-04       1.161752137207e+04 
       9.387896405301e-04       1.209969500852e+04 
       9.814049794924e-04       1.259782791799e+04 
       1.025715730807e-03       1.311158710188e+04 
       1.071723865940e-03       1.364052343211e+04 
       1.119422764598e-03       1.418407443099e+04 
       1.168797372055e-03       1.474157277925e+04 
       1.219824561762e-03       1.531225375612e+04 
       1.272473683570e-03       1.589526811007e+04 
       1.326707268301e-03       1.648969517284e+04 
       1.382481852599e-03       1.709455665524e+04 
       1.439748884319e-03       1.770883282208e+04 
       1.498455668392e-03       1.833147537283e+04 
       1.558546315539e-03       1.896142495389e+04 
       1.619962660951e-03       1.959762127422e+04 
       1.682645126244e-03       2.023901655260e+04 
       1.746533504848e-03       2.088458619750e+04 
       1.811567657807e-03       2.153333620420e+04 
       1.877688113283e-03       2.218431081952e+04 
       1.944836568367e-03       2.283659677948e+04 
       2.012956296114e-03       2.348932949716e+04 
       2.081992463833e-03       2.414169248804e+04 
       2.151892370761e-03       2.479292293577e+04 
       2.222605614443e-03       2.544230623364e+04 
       2.294084195559e-03       2.608918211998e+04 
       2.366282570839e-03       2.673293730926e+04 
       2.439157663176e-03       2.737301385694e+04 
       2.512668837282e-03       2.800889039528e+04 
       2.586777848326e-03       2.864010384273e+04 
       2.661448770022e-03       2.926622118753e+04 
       2.736647907682e-03       2.988685435000e+04 
       2.812343700864e-03       3.050166039048e+04 
       2.888506619409e-03       3.111031533638e+04 
       2.965109055925e-03       3.171254946622e+04 
       3.042125217176e-03       3.230810523136e+04 
       3.119531016247e-03       3.289675907453e+04 
       3.197303966924e-03       3.347832319210e+04 
       3.275423081358e-03       3.405261218345e+04 
       3.353868771755e-03       3.461948882085e+04 
       3.432622756594e-03       3.517862746548e+04 
       3.511667971686e-03       3.572935905957e+04 
       3.590988486218e-03       3.627314101236e+04 
       3.670569423817e-03       3.680919087367e+04 
       3.750396888576e-03       3.733721155345e+04 
       3.830457895922e-03       3.785745542206e+04 
       3.910740308147e-03       3.836977378603e+04 
       3.991232774410e-03       3.887401145601e+04 
       4.071924674971e-03       3.937018135556e+04 
       4.152806069436e-03       3.985863300638e+04 
       4.233867648769e-03       4.033886214091e+04 
       4.315100690825e-03       4.081085668779e+04 
       4.396497019179e-03       4.127466180711e+04 
       4.478048965023e-03       4.173059706325e+04 
       4.559749331903e-03       4.217857257354e+04 
       4.641591363110e-03       4.261826441373e+04 
       4.723568711510e-03       4.304990646315e+04 
       4.805675411638e-03       4.347395201579e+04 
       4.887905853885e-03       4.389008100362e+04 
       4.970254760620e-03       4.429837679384e+04 
       5.052717164089e-03       4.469888807264e+04 
       5.135288385960e-03       4.509274273135e+04 
       5.217964018386e-03       4.547781882337e+04 
       5.300739906468e-03       4.585526700438e+04 
       5.383612132001e-03       4.622512406481e+04 
       5.466576998416e-03       4.658741538889e+04 
       5.549631016808e-03       4.694229574700e+04 
       5.632770892989e-03       4.728972418768e+04 
       5.715993515456e-03       4.762981530732e+04 
       5.799295944232e-03       4.796264230464e+04 
       5.882675400496e-03       4.828830330869e+04 
       5.966129256939e-03       4.860674695883e+04 
       6.049655028811e-03       4.891798781324e+04 
       6.133250365574e-03       4.922226346127e+04 
       6.216913043151e-03       4.951960408483e+04 
       6.300640956696e-03       4.981002986711e+04 
       6.384432113860e-03       5.009176312335e+04 
       6.468284628521e-03       5.037035874745e+04 
       6.552196714931e-03       5.064039278884e+04 
       6.636166682255e-03       5.090382287006e+04 
       6.720192929474e-03       5.116064219058e+04 
       6.804273940633e-03       5.141097727637e+04 
       6.888408280387e-03       5.165472009442e+04 
       6.972594589850e-03       5.189222294076e+04 
       7.056831582710e-03       5.212339250533e+04 
       7.141118041593e-03       5.234828837102e+04 
       7.225452814662e-03       5.256710295189e+04 
       7.309834812433e-03       5.277943226388e+04 
       7.394263004794e-03       5.298590613936e+04 
       7.478736418212e-03       5.318659659585e+04 
       7.563254133113e-03       5.338090545891e+04 
       7.647815281432e-03       5.356961041894e+04 
       7.732419044311e-03       5.375236949043e+04 
       7.817064649940e-03       5.392945506569e+04 
       7.901751371537e-03       5.410107923692e+04 
       7.986478525443e-03       5.426660472734e+04 
       8.071245469346e-03       5.442703425526e+04 
       8.156051600608e-03       5.458148239653e+04 
       8.240896354691e-03       5.473079655896e+04 
       8.325779203688e-03       5.487462091014e+04 
       8.410699654940e-03       5.501331798839e+04 
       8.495657249734e-03       5.514636160881e+04 
       8.580651562090e-03       5.527440586193e+04 
       8.665682197614e-03       5.539731220835e+04 
       8.750748792428e-03       5.551540146955e+04 
       8.835851012162e-03       5.562815786675e+04 
       8.920988551009e-03       5.573594347336e+04 
       9.006161130846e-03       5.583893248050e+04 
       9.091368500401e-03       5.593687438873e+04 
       9.176610434478e-03       5.603029252104e+04 
       9.261886733232e-03       5.611852668736e+04 
       9.347197221489e-03       5.620263343295e+04 
       9.432541748113e-03       5.628165741961e+04 
       9.517920185414e-03       5.635635082505e+04 
       9.603332428596e-03       5.642642550934e+04 
       9.688778395245e-03       5.649204229469e+04 
       9.774258024848e-03       5.655320934665e+04 
       9.859771278357e-03       5.661002610750e+04 
       9.945318137774e-03       5.666277250410e+04 
       1.003089860577e-02       5.671085590901e+04 
       1.011651270536e-02       5.675502866300e+04 
       1.020216047953e-02       5.679511602202e+04 
       1.028784199101e-02       5.682890547642e+04 
       1.037355732197e-02       5.686279185481e+04 
       1.045930657378e-02       5.688846502912e+04 
       1.054508986680e-02       5.691437528742e+04 
       1.063090734020e-02       5.693433464091e+04 
       1.071675915175e-02       5.695056236297e+04 
       1.080264547771e-02       5.696302609598e+04 
       1.088856651270e-02       5.697168315589e+04 
       1.097452246956e-02       5.697640367547e+04 
       1.106051357929e-02       5.697792103947e+04 
       1.114654009096e-02       5.697542501243e+04 
       1.123260227167e-02       5.696963244937e+04 
       1.131870040652e-02       5.696034102124e+04 
       1.140483479860e-02       5.694756177757e+04 
       1.149100576895e-02       5.693147437441e+04 
       1.157721365662e-02       5.691181785687e+04 
       1.166345881869e-02       5.688906160462e+04 
       1.174974163033e-02       5.686301197022e+04 
       1.183606248483e-02       5.683381711971e+04 
       1.192242179372e-02       5.680124880068e+04 
       1.200881998686e-02       5.676399363478e+04 
       1.209525751252e-02       5.672521019876e+04 
       1.218173483755e-02       5.668318125527e+04 
       1.226825244747e-02       5.664073782143e+04 
       1.235481084668e-02       5.659298292454e+04 
       1.244141055859e-02       5.654241928949e+04 
       1.252805212583e-02       5.648927555063e+04 
       1.261473611041e-02       5.643282505480e+04 
       1.270146309399e-02       5.637393032887e+04 
       1.278823367805e-02       5.631228664683e+04 
       1.287504848418e-02       5.624531860594e+04 
       1.296190815429e-02       5.617823385527e+04 
       1.304881335092e-02       5.611150333142e+04 
       1.313576475752e-02       5.603916851560e+04 
       1.322276307873e-02       5.596457729395e+04 
       1.330980904069e-02       5.588484209924e+04 
       1.339690339142e-02       5.580530259173e+04 
       1.348404690112e-02       5.572579692094e+04 
       1.357124036253e-02       5.564160610058e+04 
       1.365848459133e-02       5.555473675566e+04 
       1.374578042652e-02       5.546595648261e+04 
       1.383312873085e-02       5.537236091849e+04 
       1.392053039119e-02       5.527928510804e+04 
       1.400798631904e-02       5.518359649409e+04 
       1.409549745094e-02       5.508589991583e+04 
       1.418306474897e-02       5.498633264622e+04 
       1.427068920123e-02       5.488462772152e+04 
       1.435837182238e-02       5.478084133656e+04 
       1.444611365412e-02       5.467518316970e+04 
       1.453391576579e-02       5.456981472442e+04 
       1.462177925491e-02       5.446040005819e+04 
       1.470970524779e-02       5.434663667197e+04 
       1.479769490012e-02       5.423603361857e+04 
       1.488574939760e-02       5.411843822467e+04 
       1.497386995662e-02       5.400203299543e+04 
       1.506205782491e-02       5.388563613310e+04 
       1.515031428223e-02       5.376300871671e+04 
       1.523864064111e-02       5.364358314133e+04 
       1.532703824761e-02       5.352021545923e+04 
       1.541550848204e-02       5.339447032590e+04 
       1.550405275981e-02       5.326656275555e+04 
       1.559267253221e-02       5.314091283696e+04 
       1.568136928728e-02       5.300839409796e+04 
       1.577014455070e-02       5.287798418063e+04 
       1.585899988668e-02       5.274596884771e+04 
       1.594793689888e-02       5.261368150951e+04 
       1.603695723142e-02       5.247867734176e+04 
       1.612606256987e-02       5.234223000255e+04 
       1.621525464224e-02       5.220185068224e+04 
       1.630453522012e-02       5.206454436525e+04 
       1.639390611973e-02       5.192289945244e+04 
       1.648336920308e-02       5.178108210211e+04 
       1.657292637917e-02       5.164088215624e+04 
       1.666257960516e-02       5.149437064446e+04 
       1.675233088768e-02       5.134953053057e+04 
       1.684218228413e-02       5.120386108317e+04 
       1.693213590400e-02       5.105873294028e+04 
       1.702219391026e-02       5.090826330755e+04 
       1.711235852087e-02       5.075903203458e+04 
       1.720263201019e-02       5.060909367369e+04 
       1.729301671058e-02       5.045814122890e+04 
       1.738351501396e-02       5.030580687707e+04 
       1.747412937349e-02       5.015469184414e+04 
       1.756486230530e-02       4.999927714590e+04 
       1.765571639019e-02       4.984484129835e+04 
       1.774669427557e-02       4.969024809247e+04 
       1.783779867728e-02       4.953329158400e+04 
       1.792903238157e-02       4.937736287442e+04 
       1.802039824720e-02       4.921848532431e+04 
       1.811189920749e-02       4.906099417819e+04 
       1.820353827255e-02       4.890177036473e+04 
       1.829531853155e-02       4.874148360015e+04 
       1.838724315506e-02       4.858289890238e+04 
       1.847931539753e-02       4.841987863966e+04 
       1.857153859981e-02       4.825809337927e+04 
       1.866391619178e-02       4.809745224183e+04 
       1.875645169512e-02       4.793286168468e+04 
       1.884914872610e-02       4.776931882541e+04 
       1.894201099858e-02       4.760529009949e+04 
       1.903504232705e-02       4.744094649271e+04 
       1.912824662984e-02       4.727608926043e+04 
       1.922162793241e-02       4.711041775707e+04 
       1.931519037080e-02       4.694447389024e+04 
       1.940893819523e-02       4.677830940506e+04 
       1.950287577384e-02       4.661171215196e+04 
       1.959700759651e-02       4.644440193011e+04 
       1.969133827898e-02       4.627707505248e+04 
       1.978587256703e-02       4.611088111321e+04 
       1.988061534082e-02       4.594268335505e+04 
       1.997557161955e-02       4.577257334820e+04 
       2.007074656614e-02       4.560379245190e+04 
       2.016614549225e-02       4.543476391091e+04 
       2.026177386345e-02       4.526657270352e+04 
       2.035763730462e-02       4.509750707828e+04 
       2.045374160561e-02       4.492625214153e+04 
       2.055009272714e-02       4.475749636782e+04 
       2.064669680694e-02       4.458745939482e+04 
       2.074356016622e-02       4.441675368949e+04 
       2.084068931638e-02       4.424622126974e+04 
       2.093809096607e-02       4.407368998673e+04 
       2.103577202855e-02       4.390397174900e+04 
       2.113373962942e-02       4.373176435710e+04 
       2.123200111466e-02       4.356066214480e+04 
       2.133056405914e-02       4.338995372203e+04 
       2.142943627549e-02       4.321778417474e+04 
       2.152862582336e-02       4.304748575836e+04 
       2.162814101922e-02       4.287570332055e+04 
       2.172799044662e-02       4.270383955856e+04 
       2.182818296689e-02       4.253160586892e+04 
       2.192872773048e-02       4.235955442166e+04 
       2.202963418886e-02       4.218870140255e+04 
       2.213091210697e-02       4.201632134740e+04 
       2.223257157637e-02       4.184427724753e+04 
       2.233462302910e-02       4.167228063016e+04 
       2.243707725224e-02       4.150071107017e+04 
       2.253994540324e-02       4.132884412291e+04 
       2.264323902616e-02       4.115736680070e+04 
       2.274697006871e-02       4.098548417139e+04 
       2.285115090030e-02       4.081335517397e+04 
       2.295579433107e-02       4.064157028041e+04 
       2.306091363201e-02       4.047021232814e+04 
       2.316652255625e-02       4.029809957713e+04 
       2.327263536157e-02       4.012651482624e+04 
       2.337926683424e-02       3.995454684672e+04 
       2.348643231426e-02       3.978344921955e+04 
       2.359414772213e-02       3.961185582971e+04 
       2.370242958728e-02       3.944061252073e+04 
       2.381129507818e-02       3.926925747655e+04 
       2.392076203439e-02       3.909796607271e+04 
       2.403084900060e-02       3.892681074301e+04 
       2.414157526284e-02       3.875533093414e+04 
       2.425296088707e-02       3.858468004906e+04 
       2.436502676024e-02       3.841337660669e+04 
       2.447779463412e-02       3.824260659963e+04 
       2.459128717205e-02       3.807225164857e+04 
       2.470552799886e-02       3.790154241902e+04 
       2.482054175427e-02       3.773192825285e+04 
       2.493635415004e-02       3.756058952576e+04 
       2.505299203103e-02       3.738962313429e+04 
       2.517048344085e-02       3.721944384288e+04 
       2.528885769215e-02       3.704976388753e+04 
       2.540814544210e-02       3.687887854441e+04 
       2.552837877363e-02       3.670904332840e+04 
       2.564959128276e-02       3.653974242324e+04 
       2.577181817265e-02       3.636863009596e+04 
       2.589509635509e-02       3.619864411757e+04 
       2.601946455999e-02       3.602900754111e+04 
       2.614496345375e-02       3.585876719474e+04 
       2.627163576726e-02       3.568903697062e+04 
       2.639952643465e-02       3.551925028693e+04 
       2.652868274369e-02       3.534915715535e+04 
       2.665915449917e-02       3.517979159449e+04 
       2.679099420052e-02       3.500964419302e+04 
       2.692425723522e-02       3.484058583517e+04 
       2.705900208967e-02       3.466982826936e+04 
       2.719529057950e-02       3.449969010552e+04 
       2.733318810130e-02       3.433016588499e+04 
       2.747276390840e-02       3.415945086716e+04 
       2.761409141337e-02       3.398962634258e+04 
       2.775724852030e-02       3.381942336274e+04 
       2.790231799056e-02       3.364866352088e+04 
       2.804938784600e-02       3.347834967555e+04 
       2.819855181426e-02       3.330751828226e+04 
       2.834990982146e-02       3.313574387149e+04 
       2.850356853845e-02       3.296517304688e+04 
       2.865964198759e-02       3.279360344550e+04 
       2.881825221815e-02       3.262133396114e+04 
       2.897953005973e-02       3.244897976602e+04 
       2.914361596461e-02       3.227642602207e+04 
       2.931066095161e-02       3.210348568842e+04 
       2.948082766638e-02       3.193070970820e+04 
       2.965429157528e-02       3.175661207051e+04 
       2.983124231326e-02       3.158214997506e+04 
       3.001188520977e-02       3.140743933524e+04 
       3.019644302082e-02       3.123170108115e+04 
       3.038515790107e-02       3.105615528833e+04 
       3.057829365573e-02       3.087812254596e+04 
       3.077613832035e-02       3.070167670698e+04 
       3.097900712569e-02       3.052257119278e+04 
       3.118724591701e-02       3.034252483790e+04 
       3.140123511133e-02       3.016181550140e+04 
       3.162139429426e-02       2.998064422172e+04 
       3.184818758040e-02       2.979771387476e+04 
       3.208212988896e-02       2.961373093807e+04 
       3.232379432144e-02       2.942716634592e+04 
       3.257382087212e-02       2.924064211987e+04 
       3.283292675762e-02       2.904958306490e+04 
       3.310191872248e-02       2.885983105446e+04 
       3.338170776711e-02       2.866508121847e+04 
       3.367332685892e-02       2.846851703022e+04 
       3.397795233264e-02       2.826975314480e+04 
       3.429692987143e-02       2.806989256821e+04 
       3.463180619558e-02       2.786438469601e+04 
       3.498436788133e-02       2.765487834413e+04 
       3.535668909982e-02       2.744161502008e+04 
       3.575119051007e-02       2.722437844467e+04 
       3.617071205167e-02       2.700029701735e+04 
       3.661860292159e-02       2.677055199948e+04 
       3.709883246905e-02       2.653248961448e+04 
       3.761612584235e-02       2.628643957506e+04 
       3.817612741624e-02       2.602696500869e+04 
       3.878559221237e-02       2.575643179744e+04 
       3.945259860533e-02       2.546836743938e+04 
       4.018676087309e-02       2.515890377717e+04 
       4.099939168178e-02       2.482321374061e+04 
       4.190351478894e-02       2.445312067870e+04 
       4.291355269368e-02       2.403769721150e+04 
       4.404442754999e-02       2.356745309890e+04 
       4.530978494312e-02       2.302271909723e+04 
       4.671923630474e-02       2.239019972686e+04 
       4.827509930283e-02       2.165372648158e+04 
       4.996998355342e-02       2.080602684998e+04 
       5.178692377616e-02       1.985179104604e+04 
       5.370264214992e-02       1.881553722613e+04 
       5.569245559561e-02       1.772860093055e+04 
       5.773441521738e-02       1.663350246550e+04 
       5.981132337722e-02       1.557392866665e+04 
       6.191085392619e-02       1.458612694853e+04 
       6.402469050930e-02       1.369634519506e+04 
       6.614744003066e-02       1.292082845322e+04 
       6.827569228748e-02       1.226411026434e+04 
       7.040732461347e-02       1.172083672875e+04 
       7.254102844223e-02       1.127911762305e+04 
       7.467600170779e-02       1.092079750548e+04 
       7.681175439929e-02       1.062527719508e+04 
       7.894798763408e-02       1.036826266155e+04 
       8.108451918452e-02       1.012968555773e+04 
       8.322123788187e-02       9.889916355721e+03 
       8.535807579821e-02       9.633984713972e+03 
       8.749499130984e-02       9.352521519996e+03 
       8.963195879788e-02       9.040380772228e+03 
       9.176896238896e-02       8.700727866683e+03 
       9.390599215182e-02       8.339866179044e+03 
       9.604304178614e-02       7.966436679537e+03 
       9.818010721748e-02       7.592192916060e+03 
       1.003171857424e-01       7.228133985103e+03 
       1.024542755081e-01       6.884926355172e+03 
       1.045913751940e-01       6.570648784726e+03 
       1.067284838184e-01       6.290442295487e+03 
       1.088656006184e-01       6.046339185784e+03 
       1.110027249764e-01       5.838148021182e+03 
       1.131398563745e-01       5.663230439718e+03 
       1.152769943655e-01       5.516058196024e+03 
       1.174141385543e-01       5.391078511132e+03 
       1.195512885864e-01       5.281648112928e+03 
       1.216884441395e-01       5.180765847637e+03 
       1.238256049182e-01       5.083489638438e+03 
       1.259627706499e-01       4.982580669118e+03 
       1.280999410822e-01       4.874066665281e+03 
       1.302371159800e-01       4.756233872770e+03 
       1.323742951245e-01       4.627914391458e+03 
       1.345114783110e-01       4.490533389825e+03 
       1.366486653481e-01       4.346739161144e+03 
       1.387858560564e-01       4.199731794402e+03 
       1.409230502673e-01       4.053897254334e+03 
       1.430602478228e-01       3.911853990951e+03 
       1.451974485740e-01       3.777082859353e+03 
       1.473346523808e-01       3.651916190446e+03 
       1.494718591112e-01       3.537271234507e+03 
       1.516090686407e-01       3.434270671861e+03 
       1.537462808517e-01       3.342958552981e+03 
       1.558834956333e-01       3.262174664270e+03 
       1.580207128804e-01       3.190915783593e+03 
       1.601579324937e-01       3.127428165712e+03 
       1.622951543790e-01       3.069205500975e+03 
       1.644323784473e-01       3.014241230340e+03 
       1.665696046140e-01       2.960404652870e+03 
       1.687068327988e-01       2.905985824292e+03 
       1.708440629254e-01       2.850081429677e+03 
       1.729812949216e-01       2.791459235196e+03 
       1.751185287185e-01       2.730385215777e+03 
       1.772557642504e-01       2.667044407223e+03 
       1.793930014551e-01       2.601709048788e+03 
       1.815302402731e-01       2.535254438470e+03 
       1.836674806478e-01       2.469034114123e+03 
       1.858047225251e-01       2.404181644540e+03 
       1.879419658535e-01       2.341415585707e+03 
       1.900792105838e-01       2.281914524525e+03 
       1.922164566690e-01       2.226245100932e+03 
       1.943537040641e-01       2.174713136309e+03 
       1.964909527261e-01       2.127302140602e+03 
       1.986282026139e-01       2.083710055281e+03 
       2.007654536883e-01       2.043472632657e+03 
       2.029027059114e-01       2.006128955398e+03 
       2.050399592472e-01       1.970771369010e+03 
       2.071772136611e-01       1.937119913246e+03 
       2.093144691198e-01       1.904272168863e+03 
       2.114517255916e-01       1.871958131886e+03 
       2.135889830459e-01       1.839305558728e+03 
       2.157262414533e-01       1.806361120924e+03 
       2.178635007856e-01       1.772859004051e+03 
       2.200007610158e-01       1.738817361947e+03 
       2.221380221179e-01       1.704436905102e+03 
       2.242752840667e-01       1.670093890423e+03 
       2.264125468382e-01       1.635845993626e+03 
       2.285498104092e-01       1.602308826526e+03 
       2.306870747573e-01       1.569510664990e+03 
       2.328243398612e-01       1.537863103477e+03 
       2.349616057000e-01       1.507467139024e+03 
       2.370988722538e-01       1.478585757702e+03 
       2.392361395034e-01       1.451167302238e+03 
       2.413734074301e-01       1.425245952154e+03 
       2.435106760161e-01       1.400704474563e+03 
       2.456479452442e-01       1.377365069507e+03 
       2.477852150975e-01       1.355016307921e+03 
       2.499224855600e-01       1.333434849683e+03 
       2.520597566162e-01       1.312347886187e+03 
       2.541970282510e-01       1.291650690797e+03 
       2.563343004499e-01       1.271148975247e+03 
       2.584715731988e-01       1.250823560394e+03 
       2.606088464841e-01       1.230646306560e+03 
       2.627461202927e-01       1.210413314535e+03 
       2.648833946119e-01       1.190345164285e+03 
       2.670206694293e-01       1.170433993596e+03 
       2.691579447331e-01       1.150634257828e+03 
       2.712952205117e-01       1.131161980982e+03 
       2.734324967540e-01       1.112117821872e+03 
       2.755697734490e-01       1.093547490986e+03 
       2.777070505864e-01       1.075452263926e+03 
       2.798443281559e-01       1.057945912602e+03 
       2.819816061477e-01       1.041026620213e+03 
       2.841188845521e-01       1.024673057000e+03 
       2.862561633600e-01       1.008857916110e+03 
       2.883934425624e-01       9.935753855261e+02 
       2.905307221504e-01       9.787628808286e+02 
       2.926680021156e-01       9.643519034627e+02 
       2.948052824499e-01       9.503626602577e+02 
       2.969425631451e-01       9.367126072119e+02 
       2.990798441935e-01       9.232893613169e+02 
       3.012171255876e-01       9.100922151277e+02 
       3.033544073200e-01       8.970073901580e+02 
       3.054916893836e-01       8.840972344121e+02 
       3.076289717715e-01       8.713296466587e+02 
       3.097662544770e-01       8.587139564014e+02 
       3.119035374935e-01       8.462612878085e+02 
       3.140408208146e-01       8.340417191938e+02 
       3.161781044341e-01       8.219257860359e+02 
       3.183153883460e-01       8.100730007975e+02 
       3.204526725445e-01       7.983667845070e+02 
       3.225899570237e-01       7.869702666746e+02 
       3.247272417783e-01       7.759038014899e+02 
       3.268645268026e-01       7.650793831375e+02 
       3.290018120915e-01       7.545482696999e+02 
       3.311390976399e-01       7.442970368438e+02 
       3.332763834426e-01       7.342545153053e+02 
       3.354136694949e-01       7.244902285612e+02 
       3.375509557920e-01       7.149387728862e+02 
       3.396882423292e-01       7.055824140910e+02 
       3.418255291020e-01       6.963732383432e+02 
       3.439628161061e-01       6.873450118021e+02 
       3.461001033371e-01       6.784407416184e+02 
       3.482373907908e-01       6.697202891975e+02 
       3.503746784632e-01       6.610593411614e+02 
       3.525119663502e-01       6.525231406775e+02 
       3.546492544480e-01       6.440990384815e+02 
       3.567865427527e-01       6.358107756150e+02 
       3.589238312607e-01       6.276022644815e+02 
       3.610611199683e-01       6.195814399067e+02 
       3.631984088721e-01       6.117168729628e+02 
       3.653356979685e-01       6.039901325528e+02 
       3.674729872541e-01       5.964091536639e+02 
       3.696102767258e-01       5.889567289699e+02 
       3.717475663802e-01       5.816580037174e+02 
       3.738848562143e-01       5.745020551439e+02 
       3.760221462249e-01       5.674864915748e+02 
       3.781594364090e-01       5.606240366760e+02 
       3.802967267638e-01       5.538824734681e+02 
       3.824340172863e-01       5.472640874541e+02 
       3.845713079738e-01       5.407460589582e+02 
       3.867085988234e-01       5.343418462356e+02 
       3.888458898326e-01       5.280355845154e+02 
       3.909831809987e-01       5.218243711397e+02 
       3.931204723191e-01       5.157045761487e+02 
       3.952577637913e-01       5.096850763422e+02 
       3.973950554129e-01       5.037734087486e+02 
       3.995323471815e-01       4.979355535437e+02 
       4.016696390947e-01       4.921811340590e+02 
       4.038069311501e-01       4.865083862096e+02 
       4.059442233457e-01       4.809176677877e+02 
       4.080815156790e-01       4.754139986367e+02 
       4.102188081481e-01       4.700015063424e+02 
       4.123561007507e-01       4.646829273253e+02 
       4.144933934849e-01       4.594573435314e+02 
       4.166306863485e-01       4.543201785058e+02 
       4.187679793396e-01       4.492666302539e+02 
       4.209052724562e-01       4.442926998071e+02 
       4.230425656964e-01       4.393955769549e+02 
       4.251798590584e-01       4.345771125243e+02 
       4.273171525404e-01       4.298373115025e+02 
       4.294544461405e-01       4.251649448209e+02 
       4.315917398569e-01       4.205759831890e+02 
       4.337290336880e-01       4.160551460599e+02 
       4.358663276321e-01       4.116071237548e+02 
       4.380036216874e-01       4.072095729386e+02 
       4.401409158525e-01       4.028714331847e+02 
       4.422782101256e-01       3.985945551585e+02 
       4.444155045052e-01       3.943808648518e+02 
       4.465527989898e-01       3.902308131075e+02 
       4.486900935780e-01       3.861447191835e+02 
       4.508273882681e-01       3.821164491060e+02 
       4.529646830587e-01       3.781441604120e+02 
       4.551019779485e-01       3.742263512385e+02 
       4.572392729361e-01       3.703633699848e+02 
       4.593765680200e-01       3.665567174230e+02 
       4.615138631990e-01       3.628082741085e+02 
       4.636511584717e-01       3.591179811445e+02 
       4.657884538368e-01       3.554840905147e+02 
       4.679257492931e-01       3.519029972233e+02 
       4.700630448393e-01       3.483711225557e+02 
       4.722003404742e-01       3.448863281384e+02 
       4.743376361965e-01       3.414481152505e+02 
       4.764749320052e-01       3.380574964458e+02 
       4.786122278990e-01       3.347154913704e+02 
       4.807495238768e-01       3.314219227488e+02 
       4.828868199375e-01       3.281747381874e+02 
       4.850241160800e-01       3.249709210684e+02 
       4.871614123032e-01       3.218081060803e+02 
       4.892987086061e-01       3.186846985919e+02 
       4.914360049876e-01       3.156010808061e+02 
       4.935733014466e-01       3.125598239291e+02 
       4.957105979823e-01       3.095601215935e+02 
       4.978478945935e-01       3.066031003911e+02 
       4.999851912794e-01       3.036872325602e+02 
       5.021224880389e-01       3.008102311888e+02 
       5.042597848712e-01       2.979695701808e+02 
       5.063970817753e-01       2.951634762480e+02 
       5.085343787503e-01       2.923942658728e+02 
       5.106716757952e-01       2.896613422664e+02 
       5.128089729093e-01       2.869658640915e+02 
       5.149462700917e-01       2.843077045648e+02 
       5.170835673415e-01       2.816855108161e+02 
       5.192208646579e-01       2.790962281804e+02 
       5.213581620400e-01       2.765387880662e+02 
       5.234954594871e-01       2.740119212594e+02 
       5.256327569984e-01       2.715154439989e+02 
       5.277700545730e-01       2.690510886533e+02 
       5.299073522103e-01       2.666193719114e+02 
       5.320446499094e-01       2.642200264539e+02 
       5.341819476697e-01       2.618516206653e+02 
       5.363192454903e-01       2.595120825989e+02 
       5.384565433705e-01       2.572000508580e+02 
       5.405938413098e-01       2.549147273434e+02 
       5.427311393073e-01       2.526566232972e+02 
       5.448684373623e-01       2.504270636461e+02 
       6.105101845364e-01       1.935045745882e+02 
       7.143932032804e-01       1.348733856200e+02 
       8.795983567339e-01       8.297587186535e+01 
       1.105575214136e+00       4.818659238642e+01 
